"""
Example of colour-map-creation
"""

# Import image stuff
import pylab

# Import the function
import createcolourmap as ccp

# Example matrices
A = [
[ 20.12573821,	 0.14799276,	 0.02139890,	 0.02279891,	-0.02039223,	-0.02683606,	-0.02183512],
[	 0.14799276,	26.74391824,	 0.01992312,	-0.05765063,	 0.01992736,	 0.02985473,	 0.02740047],
[	 0.02139890,	 0.01992312,	 1.46315691,	-0.01625615,	 0.06432072,	 0.03326529,	 0.05550444],
[	 0.02279891,	-0.05765063,	-0.01625615,	 8.51079258,	-0.07046562,	 0.00491904,	-0.09691730],
[	-0.02039223,	 0.01992736,	 0.06432072,	-0.07046562,	 0.64575748,	 0.09961933,	 0.10965088],
[	-0.02683606,	 0.02985473,	 0.03326529,	 0.00491904,	 0.09961933,	 7.62114786,	 0.06067254],
[	-0.02183512,	 0.02740047,	 0.05550444,	-0.09691730,	 0.10965088,	 0.06067254,	 1.05212335]
]

B = [
[	-0.03111820,	 0.08929521,	-0.00756644,	-0.02295410,	-0.00013742,	 0.04837513,	 0.01667379],
[	 0.08929521,	-0.47208504,	-0.01864041,	 0.09790698,	-0.02176999,	-0.04137202,	-0.02643236],
[	-0.00756644,	-0.01864041,	-0.10259992,	 0.04403417,	-0.06120194,	-0.07369887,	-0.11856840],
[	-0.02295410,	 0.09790698,	 0.04403417,	-0.09782237,	 0.08189749,	 0.04803860,	 0.09752934],
[	-0.00013742,	-0.02176999,	-0.06120194,	 0.08189749,	-0.06906015,	-0.02082388,	-0.11292638],
[	 0.04837513,	-0.04137202,	-0.07369887,	 0.04803860,	-0.02082388,	-0.06726892,	-0.06826788],
[	 0.01667379,	-0.02643236,	-0.11856840,	 0.09752934,	-0.11292638,	-0.06826788,	-0.15252607]
]


cmap2 = ccp.createColourmap(B, 'mycolormap')  # Create the colourmap for the matrix (see createcolourmap.py)
pylab.imshow(B, interpolation='nearest')      # Print the matrix

pylab.colorbar()                              # Set a colour-bar to the right 
pylab.set_cmap(cmap2)                         # Load the colourmap created
pylab.savefig("matrix.eps")                   # Save the image (could also be .png)

